timestep,$R_g$
0.0,6.516752093480826
10000.0,6.830624549168443
20000.0,6.625120759507837
30000.0,6.497155450186325
40000.0,6.59829059807555
50000.0,6.726574586746926
60000.0,6.436467160867873
70000.0,6.211088845967953
80000.0,6.208324936943512
90000.0,6.375805544264221
100000.0,6.606195580840991
110000.0,6.123687684165787
120000.0,6.188585133409937
130000.0,5.947349827031169
140000.0,6.2530266719090815
150000.0,5.946634891853565
160000.0,6.159433710866596
170000.0,6.332189996826714
180000.0,6.199356000477819
190000.0,6.020303361408935
200000.0,6.0119164776080645
210000.0,6.108716676712844
220000.0,5.76467038317305
230000.0,6.269920697530756
240000.0,6.785036432312255
250000.0,6.675389070807092
260000.0,6.785495455153736
270000.0,6.708079833663976
280000.0,6.809448615330628
290000.0,6.769808943787539
300000.0,6.348029702264893
310000.0,6.13374268505554
320000.0,6.470225630065666
330000.0,6.668935089864133
340000.0,6.242263540479437
350000.0,6.237694892233638
360000.0,6.244548358494276
370000.0,6.556009280707013
380000.0,6.487958840466575
390000.0,6.414664110978112
400000.0,6.540541673377154
410000.0,6.79021059901758
420000.0,6.9460375898437485
430000.0,6.4563697896948415
440000.0,6.201973578708833
450000.0,6.018713533039989
460000.0,6.0645013954729245
470000.0,6.199299051267607
480000.0,6.213711210470871
490000.0,6.235600377169043
500000.0,6.492986912727171
510000.0,6.502794444958987
520000.0,6.56745455175162
530000.0,6.612669287541587
540000.0,6.311298336738402
550000.0,6.069006196317938
560000.0,6.12195574375809
570000.0,6.45223347492526
580000.0,6.184043615982962
590000.0,6.416206692443861
600000.0,6.192297302495441
610000.0,5.807807831959051
620000.0,6.17463601623819
630000.0,6.156502525584459
640000.0,6.414903953548369
650000.0,6.353813709838197
660000.0,6.428141325448248
670000.0,6.337903121931292
680000.0,6.44138647302646
690000.0,6.432352533342778
700000.0,6.349367137164499
710000.0,5.90957169252021
720000.0,5.695127441860767
730000.0,6.225892817784326
740000.0,6.467748329047413
750000.0,6.077964974327696
760000.0,6.2239711824415975
770000.0,6.442064595572641
780000.0,6.225929951015598
790000.0,5.904135764948294
800000.0,5.828547627615001
810000.0,5.607598640847816
820000.0,6.181518068644565
830000.0,6.005866798215909
840000.0,6.3872643744552295
850000.0,6.261555931750124
860000.0,6.266205766569011
870000.0,6.058832715677705
880000.0,6.396412725426921
890000.0,6.21131495838583
900000.0,6.223843855189996
910000.0,6.156593124839489
920000.0,6.221965081466562
930000.0,6.606129347218256
940000.0,7.248947984140469
950000.0,6.708467548263911
960000.0,6.227226273961904
970000.0,5.904948108329142
980000.0,5.8659111722134565
990000.0,6.272863889114531
1000000.0,6.480451230383681
1010000.0,6.452007442306927
1020000.0,6.286926112258522
1030000.0,6.405893312653529
1040000.0,6.282219348460556
1050000.0,6.407830790322087
1060000.0,6.4094858526037815
1070000.0,6.521892455380996
1080000.0,6.445541527365236
1090000.0,6.704620318427721
1100000.0,7.466590370686494
1110000.0,7.274828461983954
1120000.0,6.8608140531415165
1130000.0,6.744322082078161
1140000.0,6.772724207639111
1150000.0,6.782568745628968
1160000.0,6.634260748556417
1170000.0,6.090053153502204
1180000.0,6.109399426230714
1190000.0,6.152950680849777
1200000.0,6.408707099802551
1210000.0,6.4723139120396525
1220000.0,5.941090435793299
1230000.0,6.103440071666658
1240000.0,6.164946577057604
1250000.0,6.333067288260911
1260000.0,6.314846644421946
1270000.0,6.431743871577496
1280000.0,6.397745680729893
1290000.0,6.0888089117944055
1300000.0,6.300003755162259
1310000.0,6.461019777132044
1320000.0,6.552001602059711
1330000.0,6.475476951260842
1340000.0,6.252971945126101
1350000.0,6.066333493975162
1360000.0,6.034094453944461
1370000.0,6.340342514070908
1380000.0,6.334575239365998
1390000.0,6.448380161569049
1400000.0,6.149115494271321
1410000.0,6.3610987000122226
1420000.0,6.3422406736578285
1430000.0,6.1695119461065
1440000.0,6.611289209171017
1450000.0,6.487850028868472
1460000.0,6.679772531950284
1470000.0,6.845434498785044
1480000.0,7.036524908970974
1490000.0,7.072032685193075
1500000.0,6.579798021534456
1510000.0,6.800941043244638
1520000.0,6.6631832465706715
1530000.0,6.303807540801272
1540000.0,6.4491989901848426
1550000.0,6.314842225754151
1560000.0,6.130519672258247
1570000.0,6.611498032273545
1580000.0,6.667489223854439
1590000.0,6.898892454965221
1600000.0,6.322680204705183
1610000.0,5.89459867026828
1620000.0,6.22511228039785
1630000.0,5.926924915298845
1640000.0,5.839244206321856
1650000.0,5.9484863419639105
1660000.0,5.972317790643489
1670000.0,5.9549542318989825
1680000.0,6.334991649753492
1690000.0,6.5168985551181535
1700000.0,6.12796141351365
1710000.0,6.163220903048394
1720000.0,5.8625642312899116
1730000.0,6.211916264720105
1740000.0,6.222676979255975
1750000.0,6.618486530468876
1760000.0,6.453334665262931
1770000.0,6.293413936992969
1780000.0,6.241497697056317
1790000.0,6.254560936232583
1800000.0,6.298727899086069
1810000.0,6.759040894873472
1820000.0,6.399305167913569
1830000.0,6.567389286099255
1840000.0,6.795075518556662
1850000.0,6.837033308992152
1860000.0,6.6851205978722765
1870000.0,6.834259528333528
1880000.0,6.992634924933462
1890000.0,7.050311201539826
1900000.0,6.500522217946162
1910000.0,6.954979588088715
1920000.0,6.840071371638567
1930000.0,7.379569014342927
1940000.0,7.087763233278808
1950000.0,6.735824661148744
1960000.0,6.898874941707912
1970000.0,7.096946601737148
1980000.0,6.616758507522478
1990000.0,6.5570438079291105
2000000.0,7.478862233126774
2010000.0,7.373582782356894
2020000.0,6.786465677121104
2030000.0,7.259718177469175
2040000.0,7.080026785178866
2050000.0,6.945967017269147
2060000.0,6.77173390063539
2070000.0,7.204221144408405
2080000.0,6.943125102122161
2090000.0,6.526390416543203
2100000.0,6.443948612593276
2110000.0,6.333625331496999
2120000.0,6.366377150651664
2130000.0,6.894276408640959
2140000.0,6.355914631696481
2150000.0,6.6074033535482055
2160000.0,6.258642658174419
2170000.0,6.1591038198646935
2180000.0,6.333920647067163
2190000.0,6.471738508342504
2200000.0,5.971090310071122
2210000.0,6.376935694112816
2220000.0,6.1777436721707115
2230000.0,6.360023395892394
2240000.0,6.5520776931270985
2250000.0,5.941903337856159
2260000.0,6.432289547486648
2270000.0,6.487300909413519
2280000.0,6.28172142219955
2290000.0,6.056016001887752
2300000.0,6.399330801917481
2310000.0,6.696487669092128
2320000.0,6.268958869658784
2330000.0,6.234637447401248
2340000.0,6.421642075897684
2350000.0,6.531923620994052
2360000.0,6.588075394868481
2370000.0,6.176270667562774
2380000.0,6.282159451948177
2390000.0,6.882230704347604
2400000.0,6.483728959180953
2410000.0,6.644727901750713
2420000.0,6.8666699345546816
2430000.0,6.551106715838746
2440000.0,6.27383403099564
2450000.0,6.442810374374336
2460000.0,6.1856183043605855
2470000.0,6.509553611284926
2480000.0,6.3169481830454925
2490000.0,6.308477163730289
2500000.0,6.957489850671272
2510000.0,6.737678224750689
2520000.0,6.646487874411068
2530000.0,6.750323895389535
2540000.0,6.580484064643044
2550000.0,6.629562307938596
2560000.0,6.4202339195467495
2570000.0,6.400974043284086
2580000.0,6.2791906623178635
2590000.0,6.643092242699523
2600000.0,6.407589628473041
2610000.0,6.579058362178677
2620000.0,6.199329860853275
2630000.0,6.096677952865621
2640000.0,6.489035869339152
2650000.0,6.271521152981247
2660000.0,6.443212101471517
2670000.0,6.186051520861273
2680000.0,6.474138893299321
2690000.0,6.295877972161283
2700000.0,6.017560592028286
2710000.0,6.24772950127224
2720000.0,6.217466210285867
2730000.0,6.280889343264314
2740000.0,6.090562395640096
2750000.0,6.304166257115304
2760000.0,6.432229063191958
2770000.0,6.289444788916074
2780000.0,6.38928271311059
2790000.0,6.549947815695461
2800000.0,6.389980172069155
2810000.0,6.13365782804964
2820000.0,6.333042876452729
2830000.0,6.0235191569101865
2840000.0,6.1937904500230285
2850000.0,6.241909788272809
2860000.0,6.44117343200967
2870000.0,6.260390040726276
2880000.0,6.280578081841804
2890000.0,6.358322052570373
2900000.0,6.46866291751307
2910000.0,6.442555074435699
2920000.0,6.320429474335536
2930000.0,6.430202366061005
2940000.0,6.488565307459251
2950000.0,6.369929263130128
2960000.0,6.587688976432599
2970000.0,6.394518324182912
2980000.0,6.81529438552447
2990000.0,6.437672109959907
3000000.0,6.357978106904778
3010000.0,6.192036133866275
3020000.0,6.870769684572203
3030000.0,6.299582193119594
3040000.0,6.266452971094774
3050000.0,6.47041560203416
3060000.0,6.384891143331124
3070000.0,6.359223407380524
3080000.0,6.4385110747709415
3090000.0,6.608730631718998
3100000.0,6.3858510055272175
3110000.0,6.3979391380470805
3120000.0,6.278736861293127
3130000.0,6.314386771906878
3140000.0,6.02008879869641
3150000.0,6.195787591388384
3160000.0,6.14215298167909
3170000.0,6.2437231677072385
3180000.0,6.292294867355659
3190000.0,6.342700331316255
3200000.0,6.47641511979311
3210000.0,6.366532851270689
3220000.0,6.4871178970912915
3230000.0,6.430578327358769
3240000.0,6.260316056679546
3250000.0,6.021814127373273
3260000.0,6.662380108331674
3270000.0,6.222169645638891
3280000.0,6.207238480945849
3290000.0,6.179731998358696
3300000.0,6.591197419464876
3310000.0,6.357314516928981
3320000.0,6.4101711639147565
3330000.0,6.2284621955578885
3340000.0,6.458001533866314
3350000.0,6.4138329190510746
3360000.0,6.620022200718294
3370000.0,6.710951252495643
3380000.0,6.19845737169267
3390000.0,6.582951843837194
3400000.0,6.2924034705570575
3410000.0,6.330142288359028
3420000.0,6.415307773326736
3430000.0,6.452360181865614
3440000.0,6.47829831181865
3450000.0,6.27633953871633
3460000.0,6.365395888693761
3470000.0,6.166474426719667
3480000.0,6.531377546389098
3490000.0,6.304993897296969
3500000.0,6.745497458043164
3510000.0,6.6592365314475135
3520000.0,6.187065752440302
3530000.0,6.426403207911023
3540000.0,6.325540781504295
3550000.0,6.363431631273421
3560000.0,6.30981809893485
3570000.0,6.3394738484738165
3580000.0,6.320891117301722
3590000.0,6.12399047212217
3600000.0,6.329974825393607
3610000.0,6.133879045483048
3620000.0,6.389849259335553
3630000.0,6.037929393881582
3640000.0,5.974672198151733
3650000.0,6.378234285655905
3660000.0,6.349763618636766
3670000.0,6.584140745878571
3680000.0,6.42479953052191
3690000.0,6.237104438689388
3700000.0,6.225189088467686
3710000.0,6.407266363977033
3720000.0,6.291358332874113
3730000.0,6.387168774187167
3740000.0,6.39383377581298
3750000.0,6.344594040926763
3760000.0,6.684921789524593
3770000.0,6.735476739984395
3780000.0,6.6703947392272465
3790000.0,6.198991156140957
3800000.0,6.239300668090759
3810000.0,6.3604475881573395
3820000.0,6.199808747273945
3830000.0,6.175959496404144
3840000.0,6.32874334115799
3850000.0,6.444052205779535
3860000.0,6.5365352388875895
3870000.0,6.539948303695991
3880000.0,6.838500619246964
3890000.0,6.105571969281267
3900000.0,6.462508062570191
3910000.0,6.558101183313059
3920000.0,5.985574371567564
3930000.0,6.054889039989414
3940000.0,6.22540331381758
3950000.0,6.455679171904829
3960000.0,6.091580485657158
3970000.0,6.094666312864446
3980000.0,6.0186206706850225
3990000.0,6.24513722100741
4000000.0,6.254631948961095
4010000.0,6.355257475932376
4020000.0,6.592122878253153
4030000.0,6.361639957638911
4040000.0,6.194891860991499
4050000.0,6.462757810416246
4060000.0,6.411991245650629
4070000.0,6.667286543776967
4080000.0,6.672854006481444
4090000.0,6.396887362096811
4100000.0,6.23130806734881
4110000.0,6.270829432602048
4120000.0,6.1877907569555965
4130000.0,6.297118850345205
4140000.0,6.4301601091194005
4150000.0,6.230832557198113
4160000.0,6.3225091368190105
4170000.0,6.152375363339596
4180000.0,6.422550668392896
4190000.0,6.328214573855658
4200000.0,6.4693641661409425
4210000.0,6.438531139444603
4220000.0,6.398758501478463
4230000.0,6.154164364786955
4240000.0,6.228524198399187
4250000.0,6.425203523987203
4260000.0,6.896102988474885
4270000.0,6.332714305612916
4280000.0,6.5976514228412695
4290000.0,6.796448811254581
4300000.0,6.552632502088428
4310000.0,6.344245235447586
4320000.0,6.442212603186037
4330000.0,6.565011081559176
4340000.0,6.354968304567348
4350000.0,6.483522537091273
4360000.0,6.6128492839149695
4370000.0,7.280791450991324
4380000.0,7.067853094354661
4390000.0,6.908210271038263
4400000.0,6.81968124668299
4410000.0,6.856838691137394
4420000.0,6.784980456577367
4430000.0,6.724822632841475
4440000.0,6.713814856340468
4450000.0,6.94990873752666
4460000.0,6.755354887907235
4470000.0,6.608059571174663
4480000.0,6.388905947903251
4490000.0,6.368550996597438
4500000.0,6.894601966276137
4510000.0,6.457932104916683
4520000.0,6.63851286443423
4530000.0,6.621913984581494
4540000.0,6.099870376922432
4550000.0,6.262649390936003
4560000.0,6.409895912340516
4570000.0,6.1585259762099644
4580000.0,6.094113942293231
4590000.0,6.283163849259826
4600000.0,6.530987360844183
4610000.0,6.465320188300939
4620000.0,6.171288400414464
4630000.0,6.427819145281333
4640000.0,6.260410884956916
4650000.0,6.5123876667425815
4660000.0,6.254639574234656
4670000.0,6.05966735013252
4680000.0,6.17822805162918
4690000.0,6.495342589233338
4700000.0,6.191823751767624
4710000.0,6.333315704578649
4720000.0,6.186563130614682
4730000.0,6.2166443750275775
4740000.0,6.551104437205892
4750000.0,6.877779276685614
4760000.0,6.965828625673755
4770000.0,6.913617730358729
4780000.0,6.7569826484956295
4790000.0,6.878937298276482
4800000.0,6.2797303262553354
4810000.0,6.4021717695052
4820000.0,6.536355906482841
4830000.0,6.55856145459005
4840000.0,6.374947812335295
4850000.0,6.584803225915419
4860000.0,6.456717264801177
4870000.0,6.287881545814111
4880000.0,6.2258047530077665
4890000.0,6.297418672536613
4900000.0,6.33705264869074
4910000.0,6.2823835736149345
4920000.0,6.581202291526193
4930000.0,7.127323800288367
4940000.0,6.687654327662361
4950000.0,6.415524867895758
4960000.0,6.265633367009349
4970000.0,6.147160093218994
4980000.0,6.88182332226475
4990000.0,6.144733660285765
5000000.0,6.197919144521599
5010000.0,6.257887125161246
5020000.0,6.208711254818654
5030000.0,6.114288640481785
5040000.0,6.168448561560053
5050000.0,6.236794961248753
5060000.0,6.2060353697173785
5070000.0,6.30670670835049
5080000.0,6.356266860589039
5090000.0,6.366664942974397
5100000.0,6.369809668393828
5110000.0,6.393531302939228
5120000.0,6.008435389382674
5130000.0,6.0727277693535235
5140000.0,6.418682944440387
5150000.0,6.918621735857688
5160000.0,7.061954535424383
5170000.0,6.655104185679707
5180000.0,6.241439711499061
5190000.0,7.007577814600504
5200000.0,6.435834452812334
5210000.0,5.98566798910439
5220000.0,6.3905750343963135
5230000.0,6.264321591400811
5240000.0,6.299831864624459
5250000.0,6.218491478779356
5260000.0,6.655344419150555
5270000.0,6.1592765900867406
5280000.0,6.09077090025048
5290000.0,6.688609185204263
5300000.0,7.039202256777601
5310000.0,6.722050726835286
5320000.0,6.230247026132459
5330000.0,6.339750704484767
5340000.0,6.330836331767342
5350000.0,6.079884766602944
5360000.0,6.499305839760838
5370000.0,6.355770869612441
5380000.0,6.574913874112343
5390000.0,6.360049282615871
5400000.0,6.172190364128645
5410000.0,6.116177459709814
5420000.0,6.171844545298147
5430000.0,6.336721995478176
5440000.0,6.479903305534793
5450000.0,6.591773036030338
5460000.0,5.857026059276052
5470000.0,6.424663584040559
5480000.0,6.6876279069662585
5490000.0,6.214044167664938
5500000.0,6.214491505134401
5510000.0,6.4654735503324625
5520000.0,6.778703741248488
5530000.0,6.249411379229661
5540000.0,6.255244535437199
5550000.0,6.199585177385747
5560000.0,6.083508734549726
5570000.0,6.146698035935016
5580000.0,6.2074963954547675
5590000.0,6.350778751616685
5600000.0,6.57111830700957
5610000.0,6.11882925523483
5620000.0,6.531244450899679
5630000.0,6.420396020711425
5640000.0,6.5027233749526445
5650000.0,6.486929856526069
5660000.0,6.443277500441727
5670000.0,6.293469060139927
5680000.0,6.498023180783821
5690000.0,6.499197428746879
5700000.0,6.122352638621972
5710000.0,6.141615870305602
5720000.0,6.385630839807132
5730000.0,6.302078986671269
5740000.0,6.8470951689232376
5750000.0,6.920376306849789
5760000.0,6.602722907785734
5770000.0,6.560910470336079
5780000.0,6.358745239968171
5790000.0,6.2929075844769224
5800000.0,6.250306711348486
5810000.0,6.364552477951122
5820000.0,6.3901909104853765
5830000.0,6.299011673913887
5840000.0,6.431155075904287
5850000.0,6.2814030231680285
5860000.0,6.716437510050809
5870000.0,6.725472124006777
5880000.0,6.789646862118398
5890000.0,6.686297574669967
5900000.0,6.363263688373217
5910000.0,6.16253196838912
5920000.0,6.119311337846731
5930000.0,6.060367832184857
5940000.0,6.390388308653428
5950000.0,6.298719444125785
5960000.0,6.183553497431182
5970000.0,6.223585936530484
5980000.0,6.422589336736823
5990000.0,6.39860545482684
6000000.0,6.359911185211496
6010000.0,6.3149383069815395
6020000.0,6.33245425376062
6030000.0,6.705471486236279
6040000.0,6.125264122068992
6050000.0,6.187660090422997
6060000.0,6.4321557138508965
6070000.0,6.342836565576541
6080000.0,6.332150622046333
6090000.0,6.422570789517359
6100000.0,6.280804396257411
6110000.0,6.217772970602776
6120000.0,6.2558645003331215
6130000.0,6.362471692399281
6140000.0,6.212659973825497
6150000.0,6.213933651631299
6160000.0,6.446175139335114
6170000.0,6.382489285346433
6180000.0,5.990647783669895
6190000.0,6.814742053336059
6200000.0,6.033210884378446
6210000.0,6.362587023438495
6220000.0,6.1990218201633125
6230000.0,6.203226824395834
6240000.0,6.132971496809611
6250000.0,6.178541761300716
6260000.0,6.181523814658088
6270000.0,6.428503012161833
6280000.0,6.46431436852602
6290000.0,6.496627669977809
6300000.0,6.44450342491039
6310000.0,6.1614411185612425
6320000.0,6.769334574993044
6330000.0,6.239336550108544
6340000.0,6.563496039140145
6350000.0,6.507818379932605
6360000.0,6.295178968997235
6370000.0,6.428958298068005
6380000.0,6.445440395352753
6390000.0,6.424094807456724
6400000.0,6.497161026022838
6410000.0,6.61098320859873
6420000.0,6.4250907527381615
6430000.0,6.297180030762857
6440000.0,6.253250921447136
6450000.0,6.270589146040846
6460000.0,6.498592599635659
6470000.0,6.177850309724936
6480000.0,6.36247700480527
6490000.0,6.39389479238695
6500000.0,6.4790848342507585
6510000.0,6.376612950900524
6520000.0,6.468540789319821
6530000.0,6.620166733914554
6540000.0,5.949990250728908
6550000.0,6.43334262349301
6560000.0,6.28016575719295
6570000.0,6.4338530865712595
6580000.0,6.272932065885546
6590000.0,6.017586358840742
6600000.0,6.311950761907508
6610000.0,6.556005579154704
6620000.0,6.521244351953757
6630000.0,6.91361930909696
6640000.0,6.658808464143765
6650000.0,6.714420637322929
6660000.0,6.340581399655973
6670000.0,6.204796778273887
6680000.0,6.062668993030688
6690000.0,6.03804935722141
6700000.0,6.301616780394455
6710000.0,6.253995897321882
6720000.0,6.099560125842518
6730000.0,6.325545800239728
6740000.0,6.1217023257036365
6750000.0,6.286372604173475
6760000.0,6.3806906865896105
6770000.0,6.414944940285312
6780000.0,6.429103616731477
6790000.0,6.101592045993149
6800000.0,6.2744376487758045
6810000.0,6.17356279052739
6820000.0,6.048628575400995
6830000.0,6.26117667737453
6840000.0,6.409463761789515
6850000.0,6.278217072941099
6860000.0,6.2260935417945
6870000.0,6.308300405786952
6880000.0,6.124065265631995
6890000.0,6.3567423630753
6900000.0,6.371811870366953
6910000.0,6.355550639969392
6920000.0,6.597026801126412
6930000.0,6.424859864086643
6940000.0,6.623175754750459
6950000.0,6.3818496622765775
6960000.0,6.371172830332802
6970000.0,6.281796072059371
6980000.0,6.278110014464803
6990000.0,6.075092168281563
7000000.0,6.01612889249081
7010000.0,6.231718447472436
7020000.0,6.143743113910894
7030000.0,6.491239124246861
7040000.0,6.0887790435102955
7050000.0,5.855489484816397
7060000.0,6.062289191479572
7070000.0,5.91509911551011
7080000.0,6.640782047077689
7090000.0,6.835829691859048
7100000.0,6.253718342257619
7110000.0,6.252373608819514
7120000.0,6.36339691714528
7130000.0,6.140514018636765
7140000.0,6.117994149287754
7150000.0,5.826452019989238
7160000.0,6.014122677264719
7170000.0,5.964894293633516
7180000.0,6.010668546616732
7190000.0,6.2754408205805285
7200000.0,6.3705147810213685
7210000.0,6.648749503203167
7220000.0,6.5371387457929915
7230000.0,6.38141519411522
7240000.0,6.164160552019861
7250000.0,6.153211060151846
7260000.0,6.311400156301121
7270000.0,6.611142155191349
7280000.0,6.763720565040759
7290000.0,6.507218386408654
7300000.0,6.4138294318482565
7310000.0,6.442043950517019
7320000.0,6.453888512656877
7330000.0,6.540402581106941
7340000.0,6.716733453486969
7350000.0,6.453162557639152
7360000.0,6.034640454947092
7370000.0,6.464638997689272
7380000.0,6.084107441639597
7390000.0,6.3147285382948075
7400000.0,6.586970232035586
7410000.0,6.296613586065507
7420000.0,6.171391094531131
7430000.0,6.3393846625447905
7440000.0,6.194327043043786
7450000.0,6.60051100859701
7460000.0,6.642809161148134
7470000.0,6.245449179771835
7480000.0,6.307225159581775
7490000.0,6.367536193578731
7500000.0,6.0067689861690035
7510000.0,6.5590701155940865
7520000.0,6.538063972377395
7530000.0,6.14358326778478
7540000.0,6.61491796804322
7550000.0,6.028289051510529
7560000.0,6.266656500530093
7570000.0,6.442298850111197
7580000.0,6.728573825016124
7590000.0,7.2914847120266
7600000.0,6.617313361781068
7610000.0,6.469739573187409
7620000.0,6.548578742041365
7630000.0,6.473404929003527
7640000.0,7.160639474231327
7650000.0,6.970064448281811
7660000.0,6.510014423609189
7670000.0,6.527491906213704
7680000.0,6.7651320191476785
7690000.0,6.774600366134549
7700000.0,6.511192561422021
7710000.0,6.505997258428993
7720000.0,6.623706053693213
7730000.0,6.208187339251199
7740000.0,6.039094327284084
7750000.0,6.139079949873872
7760000.0,6.328907765405266
7770000.0,6.254110924170229
7780000.0,6.476090073422271
7790000.0,5.995655105318797
7800000.0,6.376120667422691
7810000.0,6.18279939738342
7820000.0,6.514459101869374
7830000.0,6.63635475400164
7840000.0,6.315291939581706
7850000.0,6.191172987222482
7860000.0,6.374630313148111
7870000.0,6.090944277602899
7880000.0,6.126810769148285
7890000.0,6.259099493345743
7900000.0,6.18581436791358
7910000.0,6.3726177516300915
7920000.0,6.649769349199671
7930000.0,6.273351530990094
7940000.0,5.9922452475342185
7950000.0,6.147312322163795
7960000.0,6.455914562396822
7970000.0,6.0646612393529855
7980000.0,5.938760393901797
7990000.0,5.86942946238614
8000000.0,6.119280227651418
8010000.0,6.524542007614486
8020000.0,6.935150682837182
8030000.0,7.0896452984554355
8040000.0,6.77128313709888
8050000.0,6.560188656967132
8060000.0,6.129523638636331
8070000.0,6.432344344588953
8080000.0,6.792833617450028
8090000.0,6.56439495656976
8100000.0,6.378600707223481
8110000.0,6.282667224957621
8120000.0,6.3202289673478145
8130000.0,6.538010043560849
8140000.0,6.196951477937473
8150000.0,6.624093349771527
8160000.0,6.487782016169717
8170000.0,6.2701827287910605
8180000.0,6.218958649245635
8190000.0,6.382487661641329
8200000.0,6.445519793703152
8210000.0,6.205353921816231
8220000.0,6.239781923018986
8230000.0,6.264150484585718
8240000.0,6.191986688176962
8250000.0,6.403800818830952
8260000.0,6.633489794336009
8270000.0,6.318894308002962
8280000.0,6.416936949950991
8290000.0,6.355588391086908
8300000.0,6.261062883783571
8310000.0,6.256400266453567
8320000.0,6.414143178112024
8330000.0,6.959717550522456
8340000.0,7.106593703938557
8350000.0,6.453150813891995
8360000.0,6.322531647727124
8370000.0,6.712617554177966
8380000.0,6.250688052664691
8390000.0,6.571331570174766
8400000.0,6.716240460778264
8410000.0,6.370347024557229
8420000.0,6.4051921106056735
8430000.0,6.134482042992309
8440000.0,6.2951650445361755
8450000.0,6.218717143872357
8460000.0,6.202005232113813
8470000.0,6.45089285323385
8480000.0,6.544218812626258
8490000.0,6.746474764873823
8500000.0,6.089166380012583
8510000.0,6.105534732119592
8520000.0,6.585953645212837
8530000.0,6.298864812781778
8540000.0,6.476521282866934
8550000.0,6.382684993621669
8560000.0,6.340138701102581
8570000.0,6.285979630124102
8580000.0,6.495156214980472
8590000.0,6.110694289154925
8600000.0,6.368898595463934
8610000.0,6.256338714665266
8620000.0,6.4638940577625466
8630000.0,6.245453084592685
8640000.0,6.2088465061036375
8650000.0,6.482744446012478
8660000.0,6.420778044622953
8670000.0,6.344042769689673
8680000.0,6.586924277694337
8690000.0,6.520034800104878
8700000.0,6.120960860851174
8710000.0,6.3078813360739465
8720000.0,6.852785522494052
8730000.0,6.840246143648242
8740000.0,6.426537283268322
8750000.0,6.423853497983671
8760000.0,6.311787555988511
8770000.0,6.532314018238666
8780000.0,6.293424624275246
8790000.0,5.971844647067958
8800000.0,6.335690364854871
8810000.0,6.662534598438588
8820000.0,6.301170517835251
8830000.0,6.699649970362774
8840000.0,6.4394059746412085
8850000.0,6.149772933387155
8860000.0,6.368489839080529
8870000.0,6.090417917411673
8880000.0,6.357621367226351
8890000.0,5.975238636798491
8900000.0,5.829725858519243
8910000.0,6.0906321970549
8920000.0,5.871467613780826
8930000.0,6.278287510470804
8940000.0,6.318993324442399
8950000.0,7.318173052320581
8960000.0,7.006281468164995
8970000.0,6.372265202424527
8980000.0,6.597894470207822
8990000.0,6.855475063963183
9000000.0,6.523003645392974
9010000.0,6.42355032269288
9020000.0,6.436443157144982
9030000.0,6.590637381944549
9040000.0,6.743275416490269
9050000.0,6.854750908261137
9060000.0,6.6150112527558464
9070000.0,6.413571860611903
9080000.0,7.132760175690813
9090000.0,7.664956626078701
9100000.0,6.4894760058432475
9110000.0,6.364923233281431
9120000.0,6.323098824564828
9130000.0,6.599049582300011
9140000.0,6.1543892188764335
9150000.0,6.441623671902254
9160000.0,6.195929817283711
9170000.0,6.633972821348599
9180000.0,6.433224327684925
9190000.0,6.187495386794643
9200000.0,6.213686477692948
9210000.0,5.990282736937597
9220000.0,6.17402166645673
9230000.0,6.158390680136297
9240000.0,6.3824629845786065
9250000.0,6.091646120128837
9260000.0,6.69978510462367
9270000.0,6.382504572938629
9280000.0,6.337820125322431
9290000.0,6.3151755700722125
9300000.0,6.224362935534179
9310000.0,6.248164245043031
9320000.0,6.196552232128803
9330000.0,6.62786366690869
9340000.0,6.464167103551053
9350000.0,6.342824082417492
9360000.0,6.242214578560278
9370000.0,6.134207999009629
9380000.0,6.309719308460885
9390000.0,6.196942580230271
9400000.0,6.2471426381669275
9410000.0,6.1768294344896315
9420000.0,6.27663592914543
9430000.0,6.125497634793573
9440000.0,5.87925860896219
9450000.0,6.5139406755451255
9460000.0,6.370014975002183
9470000.0,6.0221716827332115
9480000.0,6.1696173732298645
9490000.0,5.954582016401146
9500000.0,5.8666820266620885
9510000.0,5.937163759938517
9520000.0,6.100240178717642
9530000.0,6.195398578662001
9540000.0,6.05951241792395
9550000.0,5.720003278551471
9560000.0,5.84749896758231
9570000.0,6.3462646045175495
9580000.0,6.294483483419668
9590000.0,6.181197095228294
9600000.0,6.239575722175146
9610000.0,6.383361856450963
9620000.0,6.348494183863315
9630000.0,6.396799144519395
9640000.0,6.3052585658751115
9650000.0,6.249622837250034
9660000.0,6.668759664031258
9670000.0,6.172369355697217
9680000.0,6.230239473690144
9690000.0,6.261165185356517
9700000.0,6.059818492421483
9710000.0,6.129590361028897
9720000.0,6.381328292540423
9730000.0,6.443204804789573
9740000.0,6.616890734163918
9750000.0,6.684791537898557
9760000.0,6.821344601789804
9770000.0,6.371204269956182
9780000.0,6.253619107653285
9790000.0,6.4087178664980655
9800000.0,6.24311104136744
9810000.0,6.308382507826737
9820000.0,6.45783801242558
9830000.0,6.325385165531234
9840000.0,6.294045832446798
9850000.0,6.402223026306031
9860000.0,6.256693724773856
9870000.0,6.61491492998
9880000.0,6.28633338114401
9890000.0,6.314887846822775
9900000.0,6.178714346668922
9910000.0,6.181209724476117
9920000.0,6.138931374641841
9930000.0,6.3796813877533785
9940000.0,6.346375820705832
9950000.0,6.2437852304741766
9960000.0,6.640138118478886
9970000.0,6.134222395294173
9980000.0,6.075789662120721
9990000.0,6.36423264036629
10000000.0,6.104117075770919
